#pragma once

// Autogenerated DCT matrix

#define NUM_MFCC_COEFFS 40
#define NUM_MEL_FILTERS 40

static const float dct_matrix[40][40] = {
    {1.58113882e-01f, 1.58113882e-01f, 1.58113882e-01f, 1.58113882e-01f, 1.58113882e-01f, 1.58113882e-01f, 1.58113882e-01f, 1.58113882e-01f, 1.58113882e-01f, 1.58113882e-01f, 1.58113882e-01f, 1.58113882e-01f, 1.58113882e-01f, 1.58113882e-01f, 1.58113882e-01f, 1.58113882e-01f, 1.58113882e-01f, 1.58113882e-01f, 1.58113882e-01f, 1.58113882e-01f, 1.58113882e-01f, 1.58113882e-01f, 1.58113882e-01f, 1.58113882e-01f, 1.58113882e-01f, 1.58113882e-01f, 1.58113882e-01f, 1.58113882e-01f, 1.58113882e-01f, 1.58113882e-01f, 1.58113882e-01f, 1.58113882e-01f, 1.58113882e-01f, 1.58113882e-01f, 1.58113882e-01f, 1.58113882e-01f, 1.58113882e-01f, 1.58113882e-01f, 1.58113882e-01f, 1.58113882e-01f},
    {2.23434404e-01f, 2.22056851e-01f, 2.19310254e-01f, 2.15211526e-01f, 2.09785968e-01f, 2.03066990e-01f, 1.95096046e-01f, 1.85922250e-01f, 1.75602213e-01f, 1.64199501e-01f, 1.51784465e-01f, 1.38433620e-01f, 1.24229282e-01f, 1.09259032e-01f, 9.36151668e-02f, 7.73941278e-02f, 6.06959276e-02f, 4.36235219e-02f, 2.62821596e-02f, 8.77876207e-03f, -8.77876207e-03f, -2.62821596e-02f, -4.36235219e-02f, -6.06959276e-02f, -7.73941278e-02f, -9.36151668e-02f, -1.09259032e-01f, -1.24229282e-01f, -1.38433620e-01f, -1.51784465e-01f, -1.64199501e-01f, -1.75602213e-01f, -1.85922250e-01f, -1.95096046e-01f, -2.03066990e-01f, -2.09785968e-01f, -2.15211526e-01f, -2.19310254e-01f, -2.22056851e-01f, -2.23434404e-01f},
    {2.22917482e-01f, 2.17428520e-01f, 2.06585735e-01f, 1.90656140e-01f, 1.70031935e-01f, 1.45220995e-01f, 1.16834231e-01f, 8.55706185e-02f, 5.21999709e-02f, 1.75439883e-02f, -1.75439883e-02f, -5.21999709e-02f, -8.55706185e-02f, -1.16834231e-01f, -1.45220995e-01f, -1.70031935e-01f, -1.90656140e-01f, -2.06585735e-01f, -2.17428520e-01f, -2.22917482e-01f, -2.22917482e-01f, -2.17428520e-01f, -2.06585735e-01f, -1.90656140e-01f, -1.70031935e-01f, -1.45220995e-01f, -1.16834231e-01f, -8.55706185e-02f, -5.21999709e-02f, -1.75439883e-02f, 1.75439883e-02f, 5.21999709e-02f, 8.55706185e-02f, 1.16834231e-01f, 1.45220995e-01f, 1.70031935e-01f, 1.90656140e-01f, 2.06585735e-01f, 2.17428520e-01f, 2.22917482e-01f},
    {2.22056851e-01f, 2.09785968e-01f, 1.85922250e-01f, 1.51784465e-01f, 1.09259032e-01f, 6.06959276e-02f, 8.77876207e-03f, -4.36235219e-02f, -9.36151668e-02f, -1.38433620e-01f, -1.75602213e-01f, -2.03066990e-01f, -2.19310254e-01f, -2.23434404e-01f, -2.15211526e-01f, -1.95096046e-01f, -1.64199501e-01f, -1.24229282e-01f, -7.73941278e-02f, -2.62821596e-02f, 2.62821596e-02f, 7.73941278e-02f, 1.24229282e-01f, 1.64199501e-01f, 1.95096046e-01f, 2.15211526e-01f, 2.23434404e-01f, 2.19310254e-01f, 2.03066990e-01f, 1.75602213e-01f, 1.38433620e-01f, 9.36151668e-02f, 4.36235219e-02f, -8.77876207e-03f, -6.06959276e-02f, -1.09259032e-01f, -1.51784465e-01f, -1.85922250e-01f, -2.09785968e-01f, -2.22056851e-01f},
    {2.20853835e-01f, 1.99235111e-01f, 1.58113882e-01f, 1.01515360e-01f, 3.49798091e-02f, -3.49798091e-02f, -1.01515360e-01f, -1.58113882e-01f, -1.99235111e-01f, -2.20853835e-01f, -2.20853835e-01f, -1.99235111e-01f, -1.58113882e-01f, -1.01515360e-01f, -3.49798091e-02f, 3.49798091e-02f, 1.01515360e-01f, 1.58113882e-01f, 1.99235111e-01f, 2.20853835e-01f, 2.20853835e-01f, 1.99235111e-01f, 1.58113882e-01f, 1.01515360e-01f, 3.49798091e-02f, -3.49798091e-02f, -1.01515360e-01f, -1.58113882e-01f, -1.99235111e-01f, -2.20853835e-01f, -2.20853835e-01f, -1.99235111e-01f, -1.58113882e-01f, -1.01515360e-01f, -3.49798091e-02f, 3.49798091e-02f, 1.01515360e-01f, 1.58113882e-01f, 1.99235111e-01f, 2.20853835e-01f},
    {2.19310254e-01f, 1.85922250e-01f, 1.24229282e-01f, 4.36235219e-02f, -4.36235219e-02f, -1.24229282e-01f, -1.85922250e-01f, -2.19310254e-01f, -2.19310254e-01f, -1.85922250e-01f, -1.24229282e-01f, -4.36235219e-02f, 4.36235219e-02f, 1.24229282e-01f, 1.85922250e-01f, 2.19310254e-01f, 2.19310254e-01f, 1.85922250e-01f, 1.24229282e-01f, 4.36235219e-02f, -4.36235219e-02f, -1.24229282e-01f, -1.85922250e-01f, -2.19310254e-01f, -2.19310254e-01f, -1.85922250e-01f, -1.24229282e-01f, -4.36235219e-02f, 4.36235219e-02f, 1.24229282e-01f, 1.85922250e-01f, 2.19310254e-01f, 2.19310254e-01f, 1.85922250e-01f, 1.24229282e-01f, 4.36235219e-02f, -4.36235219e-02f, -1.24229282e-01f, -1.85922250e-01f, -2.19310254e-01f},
    {2.17428520e-01f, 1.70031935e-01f, 8.55706185e-02f, -1.75439883e-02f, -1.16834231e-01f, -1.90656140e-01f, -2.22917482e-01f, -2.06585735e-01f, -1.45220995e-01f, -5.21999709e-02f, 5.21999709e-02f, 1.45220995e-01f, 2.06585735e-01f, 2.22917482e-01f, 1.90656140e-01f, 1.16834231e-01f, 1.75439883e-02f, -8.55706185e-02f, -1.70031935e-01f, -2.17428520e-01f, -2.17428520e-01f, -1.70031935e-01f, -8.55706185e-02f, 1.75439883e-02f, 1.16834231e-01f, 1.90656140e-01f, 2.22917482e-01f, 2.06585735e-01f, 1.45220995e-01f, 5.21999709e-02f, -5.21999709e-02f, -1.45220995e-01f, -2.06585735e-01f, -2.22917482e-01f, -1.90656140e-01f, -1.16834231e-01f, -1.75439883e-02f, 8.55706185e-02f, 1.70031935e-01f, 2.17428520e-01f},
    {2.15211526e-01f, 1.51784465e-01f, 4.36235219e-02f, -7.73941278e-02f, -1.75602213e-01f, -2.22056851e-01f, -2.03066990e-01f, -1.24229282e-01f, -8.77876207e-03f, 1.09259032e-01f, 1.95096046e-01f, 2.23434404e-01f, 1.85922250e-01f, 9.36151668e-02f, -2.62821596e-02f, -1.38433620e-01f, -2.09785968e-01f, -2.19310254e-01f, -1.64199501e-01f, -6.06959276e-02f, 6.06959276e-02f, 1.64199501e-01f, 2.19310254e-01f, 2.09785968e-01f, 1.38433620e-01f, 2.62821596e-02f, -9.36151668e-02f, -1.85922250e-01f, -2.23434404e-01f, -1.95096046e-01f, -1.09259032e-01f, 8.77876207e-03f, 1.24229282e-01f, 2.03066990e-01f, 2.22056851e-01f, 1.75602213e-01f, 7.73941278e-02f, -4.36235219e-02f, -1.51784465e-01f, -2.15211526e-01f},
    {2.12662712e-01f, 1.31432772e-01f, 1.36919683e-17f, -1.31432772e-01f, -2.12662712e-01f, -2.12662712e-01f, -1.31432772e-01f, -4.10758999e-17f, 1.31432772e-01f, 2.12662712e-01f, 2.12662712e-01f, 1.31432772e-01f, 6.84598365e-17f, -1.31432772e-01f, -2.12662712e-01f, -2.12662712e-01f, -1.31432772e-01f, -9.58437765e-17f, 1.31432772e-01f, 2.12662712e-01f, 2.12662712e-01f, 1.31432772e-01f, 1.23227703e-16f, -1.31432772e-01f, -2.12662712e-01f, -2.12662712e-01f, -1.31432772e-01f, -5.47817129e-16f, 1.31432772e-01f, 2.12662712e-01f, 2.12662712e-01f, 1.31432772e-01f, -2.19209890e-16f, -1.31432772e-01f, -2.12662712e-01f, -2.12662712e-01f, -1.31432772e-01f, -6.02584956e-16f, 1.31432772e-01f, 2.12662712e-01f},
    {2.09785968e-01f, 1.09259032e-01f, -4.36235219e-02f, -1.75602213e-01f, -2.23434404e-01f, -1.64199501e-01f, -2.62821596e-02f, 1.24229282e-01f, 2.15211526e-01f, 2.03066990e-01f, 9.36151668e-02f, -6.06959276e-02f, -1.85922250e-01f, -2.22056851e-01f, -1.51784465e-01f, -8.77876207e-03f, 1.38433620e-01f, 2.19310254e-01f, 1.95096046e-01f, 7.73941278e-02f, -7.73941278e-02f, -1.95096046e-01f, -2.19310254e-01f, -1.38433620e-01f, 8.77876207e-03f, 1.51784465e-01f, 2.22056851e-01f, 1.85922250e-01f, 6.06959276e-02f, -9.36151668e-02f, -2.03066990e-01f, -2.15211526e-01f, -1.24229282e-01f, 2.62821596e-02f, 1.64199501e-01f, 2.23434404e-01f, 1.75602213e-01f, 4.36235219e-02f, -1.09259032e-01f, -2.09785968e-01f},
    {2.06585735e-01f, 8.55706185e-02f, -8.55706185e-02f, -2.06585735e-01f, -2.06585735e-01f, -8.55706185e-02f, 8.55706185e-02f, 2.06585735e-01f, 2.06585735e-01f, 8.55706185e-02f, -8.55706185e-02f, -2.06585735e-01f, -2.06585735e-01f, -8.55706185e-02f, 8.55706185e-02f, 2.06585735e-01f, 2.06585735e-01f, 8.55706185e-02f, -8.55706185e-02f, -2.06585735e-01f, -2.06585735e-01f, -8.55706185e-02f, 8.55706185e-02f, 2.06585735e-01f, 2.06585735e-01f, 8.55706185e-02f, -8.55706185e-02f, -2.06585735e-01f, -2.06585735e-01f, -8.55706185e-02f, 8.55706185e-02f, 2.06585735e-01f, 2.06585735e-01f, 8.55706185e-02f, -8.55706185e-02f, -2.06585735e-01f, -2.06585735e-01f, -8.55706185e-02f, 8.55706185e-02f, 2.06585735e-01f},
    {2.03066990e-01f, 6.06959276e-02f, -1.24229282e-01f, -2.22056851e-01f, -1.64199501e-01f, 8.77876207e-03f, 1.75602213e-01f, 2.19310254e-01f, 1.09259032e-01f, -7.73941278e-02f, -2.09785968e-01f, -1.95096046e-01f, -4.36235219e-02f, 1.38433620e-01f, 2.23434404e-01f, 1.51784465e-01f, -2.62821596e-02f, -1.85922250e-01f, -2.15211526e-01f, -9.36151668e-02f, 9.36151668e-02f, 2.15211526e-01f, 1.85922250e-01f, 2.62821596e-02f, -1.51784465e-01f, -2.23434404e-01f, -1.38433620e-01f, 4.36235219e-02f, 1.95096046e-01f, 2.09785968e-01f, 7.73941278e-02f, -1.09259032e-01f, -2.19310254e-01f, -1.75602213e-01f, -8.77876207e-03f, 1.64199501e-01f, 2.22056851e-01f, 1.24229282e-01f, -6.06959276e-02f, -2.03066990e-01f},
    {1.99235111e-01f, 3.49798091e-02f, -1.58113882e-01f, -2.20853835e-01f, -1.01515360e-01f, 1.01515360e-01f, 2.20853835e-01f, 1.58113882e-01f, -3.49798091e-02f, -1.99235111e-01f, -1.99235111e-01f, -3.49798091e-02f, 1.58113882e-01f, 2.20853835e-01f, 1.01515360e-01f, -1.01515360e-01f, -2.20853835e-01f, -1.58113882e-01f, 3.49798091e-02f, 1.99235111e-01f, 1.99235111e-01f, 3.49798091e-02f, -1.58113882e-01f, -2.20853835e-01f, -1.01515360e-01f, 1.01515360e-01f, 2.20853835e-01f, 1.58113882e-01f, -3.49798091e-02f, -1.99235111e-01f, -1.99235111e-01f, -3.49798091e-02f, 1.58113882e-01f, 2.20853835e-01f, 1.01515360e-01f, -1.01515360e-01f, -2.20853835e-01f, -1.58113882e-01f, 3.49798091e-02f, 1.99235111e-01f},
    {1.95096046e-01f, 8.77876207e-03f, -1.85922250e-01f, -2.03066990e-01f, -2.62821596e-02f, 1.75602213e-01f, 2.09785968e-01f, 4.36235219e-02f, -1.64199501e-01f, -2.15211526e-01f, -6.06959276e-02f, 1.51784465e-01f, 2.19310254e-01f, 7.73941278e-02f, -1.38433620e-01f, -2.22056851e-01f, -9.36151668e-02f, 1.24229282e-01f, 2.23434404e-01f, 1.09259032e-01f, -1.09259032e-01f, -2.23434404e-01f, -1.24229282e-01f, 9.36151668e-02f, 2.22056851e-01f, 1.38433620e-01f, -7.73941278e-02f, -2.19310254e-01f, -1.51784465e-01f, 6.06959276e-02f, 2.15211526e-01f, 1.64199501e-01f, -4.36235219e-02f, -2.09785968e-01f, -1.75602213e-01f, 2.62821596e-02f, 2.03066990e-01f, 1.85922250e-01f, -8.77876207e-03f, -1.95096046e-01f},
    {1.90656140e-01f, -1.75439883e-02f, -2.06585735e-01f, -1.70031935e-01f, 5.21999709e-02f, 2.17428520e-01f, 1.45220995e-01f, -8.55706185e-02f, -2.22917482e-01f, -1.16834231e-01f, 1.16834231e-01f, 2.22917482e-01f, 8.55706185e-02f, -1.45220995e-01f, -2.17428520e-01f, -5.21999709e-02f, 1.70031935e-01f, 2.06585735e-01f, 1.75439883e-02f, -1.90656140e-01f, -1.90656140e-01f, 1.75439883e-02f, 2.06585735e-01f, 1.70031935e-01f, -5.21999709e-02f, -2.17428520e-01f, -1.45220995e-01f, 8.55706185e-02f, 2.22917482e-01f, 1.16834231e-01f, -1.16834231e-01f, -2.22917482e-01f, -8.55706185e-02f, 1.45220995e-01f, 2.17428520e-01f, 5.21999709e-02f, -1.70031935e-01f, -2.06585735e-01f, -1.75439883e-02f, 1.90656140e-01f},
    {1.85922250e-01f, -4.36235219e-02f, -2.19310254e-01f, -1.24229282e-01f, 1.24229282e-01f, 2.19310254e-01f, 4.36235219e-02f, -1.85922250e-01f, -1.85922250e-01f, 4.36235219e-02f, 2.19310254e-01f, 1.24229282e-01f, -1.24229282e-01f, -2.19310254e-01f, -4.36235219e-02f, 1.85922250e-01f, 1.85922250e-01f, -4.36235219e-02f, -2.19310254e-01f, -1.24229282e-01f, 1.24229282e-01f, 2.19310254e-01f, 4.36235219e-02f, -1.85922250e-01f, -1.85922250e-01f, 4.36235219e-02f, 2.19310254e-01f, 1.24229282e-01f, -1.24229282e-01f, -2.19310254e-01f, -4.36235219e-02f, 1.85922250e-01f, 1.85922250e-01f, -4.36235219e-02f, -2.19310254e-01f, -1.24229282e-01f, 1.24229282e-01f, 2.19310254e-01f, 4.36235219e-02f, -1.85922250e-01f},
    {1.80901706e-01f, -6.90983012e-02f, -2.23606795e-01f, -6.90983012e-02f, 1.80901706e-01f, 1.80901706e-01f, -6.90983012e-02f, -2.23606795e-01f, -6.90983012e-02f, 1.80901706e-01f, 1.80901706e-01f, -6.90983012e-02f, -2.23606795e-01f, -6.90983012e-02f, 1.80901706e-01f, 1.80901706e-01f, -6.90983012e-02f, -2.23606795e-01f, -6.90983012e-02f, 1.80901706e-01f, 1.80901706e-01f, -6.90983012e-02f, -2.23606795e-01f, -6.90983012e-02f, 1.80901706e-01f, 1.80901706e-01f, -6.90983012e-02f, -2.23606795e-01f, -6.90983012e-02f, 1.80901706e-01f, 1.80901706e-01f, -6.90983012e-02f, -2.23606795e-01f, -6.90983012e-02f, 1.80901706e-01f, 1.80901706e-01f, -6.90983012e-02f, -2.23606795e-01f, -6.90983012e-02f, 1.80901706e-01f},
    {1.75602213e-01f, -9.36151668e-02f, -2.19310254e-01f, -8.77876207e-03f, 2.15211526e-01f, 1.09259032e-01f, -1.64199501e-01f, -1.85922250e-01f, 7.73941278e-02f, 2.22056851e-01f, 2.62821596e-02f, -2.09785968e-01f, -1.24229282e-01f, 1.51784465e-01f, 1.95096046e-01f, -6.06959276e-02f, -2.23434404e-01f, -4.36235219e-02f, 2.03066990e-01f, 1.38433620e-01f, -1.38433620e-01f, -2.03066990e-01f, 4.36235219e-02f, 2.23434404e-01f, 6.06959276e-02f, -1.95096046e-01f, -1.51784465e-01f, 1.24229282e-01f, 2.09785968e-01f, -2.62821596e-02f, -2.22056851e-01f, -7.73941278e-02f, 1.85922250e-01f, 1.64199501e-01f, -1.09259032e-01f, -2.15211526e-01f, 8.77876207e-03f, 2.19310254e-01f, 9.36151668e-02f, -1.75602213e-01f},
    {1.70031935e-01f, -1.16834231e-01f, -2.06585735e-01f, 5.21999709e-02f, 2.22917482e-01f, 1.75439883e-02f, -2.17428520e-01f, -8.55706185e-02f, 1.90656140e-01f, 1.45220995e-01f, -1.45220995e-01f, -1.90656140e-01f, 8.55706185e-02f, 2.17428520e-01f, -1.75439883e-02f, -2.22917482e-01f, -5.21999709e-02f, 2.06585735e-01f, 1.16834231e-01f, -1.70031935e-01f, -1.70031935e-01f, 1.16834231e-01f, 2.06585735e-01f, -5.21999709e-02f, -2.22917482e-01f, -1.75439883e-02f, 2.17428520e-01f, 8.55706185e-02f, -1.90656140e-01f, -1.45220995e-01f, 1.45220995e-01f, 1.90656140e-01f, -8.55706185e-02f, -2.17428520e-01f, 1.75439883e-02f, 2.22917482e-01f, 5.21999709e-02f, -2.06585735e-01f, -1.16834231e-01f, 1.70031935e-01f},
    {1.64199501e-01f, -1.38433620e-01f, -1.85922250e-01f, 1.09259032e-01f, 2.03066990e-01f, -7.73941278e-02f, -2.15211526e-01f, 4.36235219e-02f, 2.22056851e-01f, -8.77876207e-03f, -2.23434404e-01f, -2.62821596e-02f, 2.19310254e-01f, 6.06959276e-02f, -2.09785968e-01f, -9.36151668e-02f, 1.95096046e-01f, 1.24229282e-01f, -1.75602213e-01f, -1.51784465e-01f, 1.51784465e-01f, 1.75602213e-01f, -1.24229282e-01f, -1.95096046e-01f, 9.36151668e-02f, 2.09785968e-01f, -6.06959276e-02f, -2.19310254e-01f, 2.62821596e-02f, 2.23434404e-01f, 8.77876207e-03f, -2.22056851e-01f, -4.36235219e-02f, 2.15211526e-01f, 7.73941278e-02f, -2.03066990e-01f, -1.09259032e-01f, 1.85922250e-01f, 1.38433620e-01f, -1.64199501e-01f},
    {1.58113882e-01f, -1.58113882e-01f, -1.58113882e-01f, 1.58113882e-01f, 1.58113882e-01f, -1.58113882e-01f, -1.58113882e-01f, 1.58113882e-01f, 1.58113882e-01f, -1.58113882e-01f, -1.58113882e-01f, 1.58113882e-01f, 1.58113882e-01f, -1.58113882e-01f, -1.58113882e-01f, 1.58113882e-01f, 1.58113882e-01f, -1.58113882e-01f, -1.58113882e-01f, 1.58113882e-01f, 1.58113882e-01f, -1.58113882e-01f, -1.58113882e-01f, 1.58113882e-01f, 1.58113882e-01f, -1.58113882e-01f, -1.58113882e-01f, 1.58113882e-01f, 1.58113882e-01f, -1.58113882e-01f, -1.58113882e-01f, 1.58113882e-01f, 1.58113882e-01f, -1.58113882e-01f, -1.58113882e-01f, 1.58113882e-01f, 1.58113882e-01f, -1.58113882e-01f, -1.58113882e-01f, 1.58113882e-01f},
    {1.51784465e-01f, -1.75602213e-01f, -1.24229282e-01f, 1.95096046e-01f, 9.36151668e-02f, -2.09785968e-01f, -6.06959276e-02f, 2.19310254e-01f, 2.62821596e-02f, -2.23434404e-01f, 8.77876207e-03f, 2.22056851e-01f, -4.36235219e-02f, -2.15211526e-01f, 7.73941278e-02f, 2.03066990e-01f, -1.09259032e-01f, -1.85922250e-01f, 1.38433620e-01f, 1.64199501e-01f, -1.64199501e-01f, -1.38433620e-01f, 1.85922250e-01f, 1.09259032e-01f, -2.03066990e-01f, -7.73941278e-02f, 2.15211526e-01f, 4.36235219e-02f, -2.22056851e-01f, -8.77876207e-03f, 2.23434404e-01f, -2.62821596e-02f, -2.19310254e-01f, 6.06959276e-02f, 2.09785968e-01f, -9.36151668e-02f, -1.95096046e-01f, 1.24229282e-01f, 1.75602213e-01f, -1.51784465e-01f},
    {1.45220995e-01f, -1.90656140e-01f, -8.55706185e-02f, 2.17428520e-01f, 1.75439883e-02f, -2.22917482e-01f, 5.21999709e-02f, 2.06585735e-01f, -1.16834231e-01f, -1.70031935e-01f, 1.70031935e-01f, 1.16834231e-01f, -2.06585735e-01f, -5.21999709e-02f, 2.22917482e-01f, -1.75439883e-02f, -2.17428520e-01f, 8.55706185e-02f, 1.90656140e-01f, -1.45220995e-01f, -1.45220995e-01f, 1.90656140e-01f, 8.55706185e-02f, -2.17428520e-01f, -1.75439883e-02f, 2.22917482e-01f, -5.21999709e-02f, -2.06585735e-01f, 1.16834231e-01f, 1.70031935e-01f, -1.70031935e-01f, -1.16834231e-01f, 2.06585735e-01f, 5.21999709e-02f, -2.22917482e-01f, 1.75439883e-02f, 2.17428520e-01f, -8.55706185e-02f, -1.90656140e-01f, 1.45220995e-01f},
    {1.38433620e-01f, -2.03066990e-01f, -4.36235219e-02f, 2.23434404e-01f, -6.06959276e-02f, -1.95096046e-01f, 1.51784465e-01f, 1.24229282e-01f, -2.09785968e-01f, -2.62821596e-02f, 2.22056851e-01f, -7.73941278e-02f, -1.85922250e-01f, 1.64199501e-01f, 1.09259032e-01f, -2.15211526e-01f, -8.77876207e-03f, 2.19310254e-01f, -9.36151668e-02f, -1.75602213e-01f, 1.75602213e-01f, 9.36151668e-02f, -2.19310254e-01f, 8.77876207e-03f, 2.15211526e-01f, -1.09259032e-01f, -1.64199501e-01f, 1.85922250e-01f, 7.73941278e-02f, -2.22056851e-01f, 2.62821596e-02f, 2.09785968e-01f, -1.24229282e-01f, -1.51784465e-01f, 1.95096046e-01f, 6.06959276e-02f, -2.23434404e-01f, 4.36235219e-02f, 2.03066990e-01f, -1.38433620e-01f},
    {1.31432772e-01f, -2.12662712e-01f, -4.10758999e-17f, 2.12662712e-01f, -1.31432772e-01f, -1.31432772e-01f, 2.12662712e-01f, 1.23227703e-16f, -2.12662712e-01f, 1.31432772e-01f, 1.31432772e-01f, -2.12662712e-01f, -6.02584956e-16f, 2.12662712e-01f, -1.31432772e-01f, -1.31432772e-01f, 2.12662712e-01f, -1.09674150e-16f, -2.12662712e-01f, 1.31432772e-01f, 1.31432772e-01f, -2.12662712e-01f, -7.66888596e-16f, 2.12662712e-01f, -1.31432772e-01f, -1.31432772e-01f, 2.12662712e-01f, 5.46294594e-17f, -2.12662712e-01f, 1.31432772e-01f, 1.31432772e-01f, -2.12662712e-01f, -9.31192129e-16f, 2.12662712e-01f, -1.31432772e-01f, -1.31432772e-01f, 2.12662712e-01f, 2.18933056e-16f, -2.12662712e-01f, 1.31432772e-01f},
    {1.24229282e-01f, -2.19310254e-01f, 4.36235219e-02f, 1.85922250e-01f, -1.85922250e-01f, -4.36235219e-02f, 2.19310254e-01f, -1.24229282e-01f, -1.24229282e-01f, 2.19310254e-01f, -4.36235219e-02f, -1.85922250e-01f, 1.85922250e-01f, 4.36235219e-02f, -2.19310254e-01f, 1.24229282e-01f, 1.24229282e-01f, -2.19310254e-01f, 4.36235219e-02f, 1.85922250e-01f, -1.85922250e-01f, -4.36235219e-02f, 2.19310254e-01f, -1.24229282e-01f, -1.24229282e-01f, 2.19310254e-01f, -4.36235219e-02f, -1.85922250e-01f, 1.85922250e-01f, 4.36235219e-02f, -2.19310254e-01f, 1.24229282e-01f, 1.24229282e-01f, -2.19310254e-01f, 4.36235219e-02f, 1.85922250e-01f, -1.85922250e-01f, -4.36235219e-02f, 2.19310254e-01f, -1.24229282e-01f},
    {1.16834231e-01f, -2.22917482e-01f, 8.55706185e-02f, 1.45220995e-01f, -2.17428520e-01f, 5.21999709e-02f, 1.70031935e-01f, -2.06585735e-01f, 1.75439883e-02f, 1.90656140e-01f, -1.90656140e-01f, -1.75439883e-02f, 2.06585735e-01f, -1.70031935e-01f, -5.21999709e-02f, 2.17428520e-01f, -1.45220995e-01f, -8.55706185e-02f, 2.22917482e-01f, -1.16834231e-01f, -1.16834231e-01f, 2.22917482e-01f, -8.55706185e-02f, -1.45220995e-01f, 2.17428520e-01f, -5.21999709e-02f, -1.70031935e-01f, 2.06585735e-01f, -1.75439883e-02f, -1.90656140e-01f, 1.90656140e-01f, 1.75439883e-02f, -2.06585735e-01f, 1.70031935e-01f, 5.21999709e-02f, -2.17428520e-01f, 1.45220995e-01f, 8.55706185e-02f, -2.22917482e-01f, 1.16834231e-01f},
    {1.09259032e-01f, -2.23434404e-01f, 1.24229282e-01f, 9.36151668e-02f, -2.22056851e-01f, 1.38433620e-01f, 7.73941278e-02f, -2.19310254e-01f, 1.51784465e-01f, 6.06959276e-02f, -2.15211526e-01f, 1.64199501e-01f, 4.36235219e-02f, -2.09785968e-01f, 1.75602213e-01f, 2.62821596e-02f, -2.03066990e-01f, 1.85922250e-01f, 8.77876207e-03f, -1.95096046e-01f, 1.95096046e-01f, -8.77876207e-03f, -1.85922250e-01f, 2.03066990e-01f, -2.62821596e-02f, -1.75602213e-01f, 2.09785968e-01f, -4.36235219e-02f, -1.64199501e-01f, 2.15211526e-01f, -6.06959276e-02f, -1.51784465e-01f, 2.19310254e-01f, -7.73941278e-02f, -1.38433620e-01f, 2.22056851e-01f, -9.36151668e-02f, -1.24229282e-01f, 2.23434404e-01f, -1.09259032e-01f},
    {1.01515360e-01f, -2.20853835e-01f, 1.58113882e-01f, 3.49798091e-02f, -1.99235111e-01f, 1.99235111e-01f, -3.49798091e-02f, -1.58113882e-01f, 2.20853835e-01f, -1.01515360e-01f, -1.01515360e-01f, 2.20853835e-01f, -1.58113882e-01f, -3.49798091e-02f, 1.99235111e-01f, -1.99235111e-01f, 3.49798091e-02f, 1.58113882e-01f, -2.20853835e-01f, 1.01515360e-01f, 1.01515360e-01f, -2.20853835e-01f, 1.58113882e-01f, 3.49798091e-02f, -1.99235111e-01f, 1.99235111e-01f, -3.49798091e-02f, -1.58113882e-01f, 2.20853835e-01f, -1.01515360e-01f, -1.01515360e-01f, 2.20853835e-01f, -1.58113882e-01f, -3.49798091e-02f, 1.99235111e-01f, -1.99235111e-01f, 3.49798091e-02f, 1.58113882e-01f, -2.20853835e-01f, 1.01515360e-01f},
    {9.36151668e-02f, -2.15211526e-01f, 1.85922250e-01f, -2.62821596e-02f, -1.51784465e-01f, 2.23434404e-01f, -1.38433620e-01f, -4.36235219e-02f, 1.95096046e-01f, -2.09785968e-01f, 7.73941278e-02f, 1.09259032e-01f, -2.19310254e-01f, 1.75602213e-01f, -8.77876207e-03f, -1.64199501e-01f, 2.22056851e-01f, -1.24229282e-01f, -6.06959276e-02f, 2.03066990e-01f, -2.03066990e-01f, 6.06959276e-02f, 1.24229282e-01f, -2.22056851e-01f, 1.64199501e-01f, 8.77876207e-03f, -1.75602213e-01f, 2.19310254e-01f, -1.09259032e-01f, -7.73941278e-02f, 2.09785968e-01f, -1.95096046e-01f, 4.36235219e-02f, 1.38433620e-01f, -2.23434404e-01f, 1.51784465e-01f, 2.62821596e-02f, -1.85922250e-01f, 2.15211526e-01f, -9.36151668e-02f},
    {8.55706185e-02f, -2.06585735e-01f, 2.06585735e-01f, -8.55706185e-02f, -8.55706185e-02f, 2.06585735e-01f, -2.06585735e-01f, 8.55706185e-02f, 8.55706185e-02f, -2.06585735e-01f, 2.06585735e-01f, -8.55706185e-02f, -8.55706185e-02f, 2.06585735e-01f, -2.06585735e-01f, 8.55706185e-02f, 8.55706185e-02f, -2.06585735e-01f, 2.06585735e-01f, -8.55706185e-02f, -8.55706185e-02f, 2.06585735e-01f, -2.06585735e-01f, 8.55706185e-02f, 8.55706185e-02f, -2.06585735e-01f, 2.06585735e-01f, -8.55706185e-02f, -8.55706185e-02f, 2.06585735e-01f, -2.06585735e-01f, 8.55706185e-02f, 8.55706185e-02f, -2.06585735e-01f, 2.06585735e-01f, -8.55706185e-02f, -8.55706185e-02f, 2.06585735e-01f, -2.06585735e-01f, 8.55706185e-02f},
    {7.73941278e-02f, -1.95096046e-01f, 2.19310254e-01f, -1.38433620e-01f, -8.77876207e-03f, 1.51784465e-01f, -2.22056851e-01f, 1.85922250e-01f, -6.06959276e-02f, -9.36151668e-02f, 2.03066990e-01f, -2.15211526e-01f, 1.24229282e-01f, 2.62821596e-02f, -1.64199501e-01f, 2.23434404e-01f, -1.75602213e-01f, 4.36235219e-02f, 1.09259032e-01f, -2.09785968e-01f, 2.09785968e-01f, -1.09259032e-01f, -4.36235219e-02f, 1.75602213e-01f, -2.23434404e-01f, 1.64199501e-01f, -2.62821596e-02f, -1.24229282e-01f, 2.15211526e-01f, -2.03066990e-01f, 9.36151668e-02f, 6.06959276e-02f, -1.85922250e-01f, 2.22056851e-01f, -1.51784465e-01f, 8.77876207e-03f, 1.38433620e-01f, -2.19310254e-01f, 1.95096046e-01f, -7.73941278e-02f},
    {6.90983012e-02f, -1.80901706e-01f, 2.23606795e-01f, -1.80901706e-01f, 6.90983012e-02f, 6.90983012e-02f, -1.80901706e-01f, 2.23606795e-01f, -1.80901706e-01f, 6.90983012e-02f, 6.90983012e-02f, -1.80901706e-01f, 2.23606795e-01f, -1.80901706e-01f, 6.90983012e-02f, 6.90983012e-02f, -1.80901706e-01f, 2.23606795e-01f, -1.80901706e-01f, 6.90983012e-02f, 6.90983012e-02f, -1.80901706e-01f, 2.23606795e-01f, -1.80901706e-01f, 6.90983012e-02f, 6.90983012e-02f, -1.80901706e-01f, 2.23606795e-01f, -1.80901706e-01f, 6.90983012e-02f, 6.90983012e-02f, -1.80901706e-01f, 2.23606795e-01f, -1.80901706e-01f, 6.90983012e-02f, 6.90983012e-02f, -1.80901706e-01f, 2.23606795e-01f, -1.80901706e-01f, 6.90983012e-02f},
    {6.06959276e-02f, -1.64199501e-01f, 2.19310254e-01f, -2.09785968e-01f, 1.38433620e-01f, -2.62821596e-02f, -9.36151668e-02f, 1.85922250e-01f, -2.23434404e-01f, 1.95096046e-01f, -1.09259032e-01f, -8.77876207e-03f, 1.24229282e-01f, -2.03066990e-01f, 2.22056851e-01f, -1.75602213e-01f, 7.73941278e-02f, 4.36235219e-02f, -1.51784465e-01f, 2.15211526e-01f, -2.15211526e-01f, 1.51784465e-01f, -4.36235219e-02f, -7.73941278e-02f, 1.75602213e-01f, -2.22056851e-01f, 2.03066990e-01f, -1.24229282e-01f, 8.77876207e-03f, 1.09259032e-01f, -1.95096046e-01f, 2.23434404e-01f, -1.85922250e-01f, 9.36151668e-02f, 2.62821596e-02f, -1.38433620e-01f, 2.09785968e-01f, -2.19310254e-01f, 1.64199501e-01f, -6.06959276e-02f},
    {5.21999709e-02f, -1.45220995e-01f, 2.06585735e-01f, -2.22917482e-01f, 1.90656140e-01f, -1.16834231e-01f, 1.75439883e-02f, 8.55706185e-02f, -1.70031935e-01f, 2.17428520e-01f, -2.17428520e-01f, 1.70031935e-01f, -8.55706185e-02f, -1.75439883e-02f, 1.16834231e-01f, -1.90656140e-01f, 2.22917482e-01f, -2.06585735e-01f, 1.45220995e-01f, -5.21999709e-02f, -5.21999709e-02f, 1.45220995e-01f, -2.06585735e-01f, 2.22917482e-01f, -1.90656140e-01f, 1.16834231e-01f, -1.75439883e-02f, -8.55706185e-02f, 1.70031935e-01f, -2.17428520e-01f, 2.17428520e-01f, -1.70031935e-01f, 8.55706185e-02f, 1.75439883e-02f, -1.16834231e-01f, 1.90656140e-01f, -2.22917482e-01f, 2.06585735e-01f, -1.45220995e-01f, 5.21999709e-02f},
    {4.36235219e-02f, -1.24229282e-01f, 1.85922250e-01f, -2.19310254e-01f, 2.19310254e-01f, -1.85922250e-01f, 1.24229282e-01f, -4.36235219e-02f, -4.36235219e-02f, 1.24229282e-01f, -1.85922250e-01f, 2.19310254e-01f, -2.19310254e-01f, 1.85922250e-01f, -1.24229282e-01f, 4.36235219e-02f, 4.36235219e-02f, -1.24229282e-01f, 1.85922250e-01f, -2.19310254e-01f, 2.19310254e-01f, -1.85922250e-01f, 1.24229282e-01f, -4.36235219e-02f, -4.36235219e-02f, 1.24229282e-01f, -1.85922250e-01f, 2.19310254e-01f, -2.19310254e-01f, 1.85922250e-01f, -1.24229282e-01f, 4.36235219e-02f, 4.36235219e-02f, -1.24229282e-01f, 1.85922250e-01f, -2.19310254e-01f, 2.19310254e-01f, -1.85922250e-01f, 1.24229282e-01f, -4.36235219e-02f},
    {3.49798091e-02f, -1.01515360e-01f, 1.58113882e-01f, -1.99235111e-01f, 2.20853835e-01f, -2.20853835e-01f, 1.99235111e-01f, -1.58113882e-01f, 1.01515360e-01f, -3.49798091e-02f, -3.49798091e-02f, 1.01515360e-01f, -1.58113882e-01f, 1.99235111e-01f, -2.20853835e-01f, 2.20853835e-01f, -1.99235111e-01f, 1.58113882e-01f, -1.01515360e-01f, 3.49798091e-02f, 3.49798091e-02f, -1.01515360e-01f, 1.58113882e-01f, -1.99235111e-01f, 2.20853835e-01f, -2.20853835e-01f, 1.99235111e-01f, -1.58113882e-01f, 1.01515360e-01f, -3.49798091e-02f, -3.49798091e-02f, 1.01515360e-01f, -1.58113882e-01f, 1.99235111e-01f, -2.20853835e-01f, 2.20853835e-01f, -1.99235111e-01f, 1.58113882e-01f, -1.01515360e-01f, 3.49798091e-02f},
    {2.62821596e-02f, -7.73941278e-02f, 1.24229282e-01f, -1.64199501e-01f, 1.95096046e-01f, -2.15211526e-01f, 2.23434404e-01f, -2.19310254e-01f, 2.03066990e-01f, -1.75602213e-01f, 1.38433620e-01f, -9.36151668e-02f, 4.36235219e-02f, 8.77876207e-03f, -6.06959276e-02f, 1.09259032e-01f, -1.51784465e-01f, 1.85922250e-01f, -2.09785968e-01f, 2.22056851e-01f, -2.22056851e-01f, 2.09785968e-01f, -1.85922250e-01f, 1.51784465e-01f, -1.09259032e-01f, 6.06959276e-02f, -8.77876207e-03f, -4.36235219e-02f, 9.36151668e-02f, -1.38433620e-01f, 1.75602213e-01f, -2.03066990e-01f, 2.19310254e-01f, -2.23434404e-01f, 2.15211526e-01f, -1.95096046e-01f, 1.64199501e-01f, -1.24229282e-01f, 7.73941278e-02f, -2.62821596e-02f},
    {1.75439883e-02f, -5.21999709e-02f, 8.55706185e-02f, -1.16834231e-01f, 1.45220995e-01f, -1.70031935e-01f, 1.90656140e-01f, -2.06585735e-01f, 2.17428520e-01f, -2.22917482e-01f, 2.22917482e-01f, -2.17428520e-01f, 2.06585735e-01f, -1.90656140e-01f, 1.70031935e-01f, -1.45220995e-01f, 1.16834231e-01f, -8.55706185e-02f, 5.21999709e-02f, -1.75439883e-02f, -1.75439883e-02f, 5.21999709e-02f, -8.55706185e-02f, 1.16834231e-01f, -1.45220995e-01f, 1.70031935e-01f, -1.90656140e-01f, 2.06585735e-01f, -2.17428520e-01f, 2.22917482e-01f, -2.22917482e-01f, 2.17428520e-01f, -2.06585735e-01f, 1.90656140e-01f, -1.70031935e-01f, 1.45220995e-01f, -1.16834231e-01f, 8.55706185e-02f, -5.21999709e-02f, 1.75439883e-02f},
    {8.77876207e-03f, -2.62821596e-02f, 4.36235219e-02f, -6.06959276e-02f, 7.73941278e-02f, -9.36151668e-02f, 1.09259032e-01f, -1.24229282e-01f, 1.38433620e-01f, -1.51784465e-01f, 1.64199501e-01f, -1.75602213e-01f, 1.85922250e-01f, -1.95096046e-01f, 2.03066990e-01f, -2.09785968e-01f, 2.15211526e-01f, -2.19310254e-01f, 2.22056851e-01f, -2.23434404e-01f, 2.23434404e-01f, -2.22056851e-01f, 2.19310254e-01f, -2.15211526e-01f, 2.09785968e-01f, -2.03066990e-01f, 1.95096046e-01f, -1.85922250e-01f, 1.75602213e-01f, -1.64199501e-01f, 1.51784465e-01f, -1.38433620e-01f, 1.24229282e-01f, -1.09259032e-01f, 9.36151668e-02f, -7.73941278e-02f, 6.06959276e-02f, -4.36235219e-02f, 2.62821596e-02f, -8.77876207e-03f},
};
